7
8
19
21
27
31
33
42
42
44
51
52
60
63
71
80
84
94
94
98
102
106
109
127
128
135
144
158
161
162
169
170
173
180
194
204
207
216
221
237
238
245
263
272
275
279
288
306
310
316
325
326
329
334
336
351
357
362
369
373
374
374
384
393
402
411
416
417
420
436
437
439
439
441
454
465
468
473
474
475
478
484
486
487
489
498
536
537
537
544
547
558
567
570
574
575
579
580
583
590
591
594
611
612
619
631
632
634
636
636
639
640
642
647
649
655
663
663
677
678
689
689
691
699
704
709
715
726
726
740
748
756
756
770
777
779
780
795
804
805
807
807
815
815
836
836
838
851
852
859
860
862
866
871
877
878
882
893
895
898
902
908
912
915
926
930
931
940
940
947
952
952
953
953
958
965
970
974
975
977
977
978
990
995
999
1001
1009
1017
1020
1021
1030
1035
1041
1047
1071
1080
1082
1083
1087
1104
1104
1115
1124
1128
1135
1139
1146
1146
1146
1147
1149
1150
1153
1155
1157
1172
1173
1173
1176
1176
1184
1185
1186
1195
1197
1198
1199
1201
1202
1204
1207
1207
1226
1243
1248
1258
1264
1266
1270
1272
1282
1283
1288
1296
1297
1308
1310
1311
1311
1318
1319
1319
1329
1333
1339
1343
1345
1353
1354
1364
1371
1372
1380
1387
1396
1402
1404
1415
1418
1422
1422
1424
1425
1425
1430
1432
1438
1440
1461
1462
1473
1479
1494
1495
1495
1501
1502
1503
1514
1525
1530
1532
1545
1559
1559
1569
1573
1582
1583
1583
1589
1593
1594
1599
1601
1605
1607
1613
1628
1628
1641
1650
1656
1660
1661
1663
1673
1679
1681
1693
1694
1695
1701
1711
1719
1721
1721
1732
1736
1759
1764
1777
1786
1797
1798
1803
1810
1819
1830
1838
1845
1849
1852
1853
1866
1867
1888
1890
1891
1893
1902
1911
1912
1916
1917
1917
1918
1921
1924
1953
1955
1957
1959
1959
1975
1983
1986
1989
1993
1994
1995
1995
1997
1997
1997
2000
2014
2015
2017
2017
2022
2022
2023
2027
2032
2037
2038
2038
2038
2040
2042
2048
2051
2053
2077
2099
2101
2115
2119
2120
2122
2124
2129
2130
2134
2135
2139
2147
2155
2159
2160
2161
2161
2163
2166
2187
2190
2190
2203
2204
2207
2222
2222
2230
2235
2253
2257
2257
2259
2259
2264
2265
2285
2299
2303
2315
2316
2320
2324
2326
2335
2349
2352
2354
2354
2356
2360
2361
2368
2368
2392
2402
2405
2406
2411
2412
2413
2418
2421
2426
2440
2441
2455
2456
2461
2471
2471
2476
2488
2494
2504
2513
2518
2523
2537
2538
2540
2555
2557
2561
2566
2579
2583
2588
2592
2596
2597
2600
2613
2617
2619
2626
2627
2629
2638
2640
2651
2655
2689
2701
2702
2733
2735
2739
2751
2756
2763
2765
2770
2771
2771
2789
2807
2808
2809
2810
2816
2829
2841
2855
2864
2876
2892
2896
2902
2905
2908
2915
2918
2920
2924
2929
2950
2951
2954
2960
2984
2989
2991
2993
2995
3016
3021
3024
3026
3028
3030
3057
3069
3071
3089
3091
3095
3116
3117
3121
3133
3136
3147
3154
3157
3186
3201
3206
3249
3267
3275
3279
3282
3294
3299
3304
3314
3318
3321
3323
3323
3324
3330
3332
3338
3339
3343
3349
3354
3372
3392
3394
3394
3399
3418
3419
3429
3433
3434
3438
3448
3452
3461
3463
3464
3467
3468
3486
3499
3510
3534
3550
3551
3564
3574
3589
3607
3609
3610
3622
3644
3646
3648
3649
3652
3671
3672
3672
3692
3697
3700
3709
3712
3713
3719
3724
3730
3730
3731
3736
3738
3753
3759
3761
3765
3779
3780
3793
3801
3807
3810
3812
3813
3818
3818
3818
3822
3834
3836
3840
3844
3844
3858
3858
3861
3876
3879
3886
3890
3893
3898
3909
3917
3920
3924
3930
3937
3937
3939
3942
3948
3948
3967
3970
3971
3982
3992
3994
4008
4014
4020
4028
4042
4046
4054
4061
4063
4063
4064
4077
4081
4097
4107
4111
4114
4144
4146
4149
4152
4160
4175
4175
4189
4192
4192
4203
4205
4209
4212
4215
4218
4220
4220
4220
4229
4236
4241
4247
4255
4275
4291
4296
4304
4315
4329
4343
4347
4350
4351
4353
4362
4364
4374
4392
4395
4404
4406
4410
4417
4419
4419
4420
4438
4442
4443
4448
4450
4452
4466
4466
4474
4478
4481
4482
4484
4495
4498
4498
4503
4504
4506
4508
4512
4513
4516
4521
4523
4523
4527
4534
4546
4546
4548
4551
4552
4559
4560
4561
4571
4576
4577
4581
4583
4594
4594
4596
4598
4601
4615
4625
4629
4631
4639
4641
4664
4671
4679
4682
4690
4699
4700
4709
4718
4722
4735
4737
4749
4757
4762
4767
4778
4784
4800
4825
4829
4835
4841
4849
4858
4871
4874
4883
4886
4902
4903
4919
4928
4936
4939
4943
4944
4952
4965
4966
4969
4973
4976
4985
4999
5005
5007
5010
5013
5015
5017
5036
5038
5039
5040
5040
5042
5044
5046
5049
5065
5086
5102
5102
5111
5112
5130
5139
5142
5145
5154
5162
5165
5169
5175
5180
5183
5191
5203
5215
5221
5221
5222
5223
5227
5229
5230
5237
5238
5242
5255
5255
5266
5266
5287
5288
5305
5306
5312
5327
5339
5342
5357
5372
5385
5401
5408
5409
5427
5428
5429
5435
5438
5440
5441
5445
5454
5454
5463
5464
5476
5486
5498
5499
5503
5516
5519
5527
5528
5530
5532
5538
5539
5580
5607
5610
5619
5628
5637
5640
5659
5667
5668
5670
5694
5721
5722
5734
5744
5754
5755
5759
5786
5787
5794
5805
5807
5812
5826
5828
5829
5846
5852
5854
5855
5861
5862
5870
5885
5888
5890
5892
5899
5918
5922
5935
5971
5987
5991
5994
6000
6004
6040
6040
6042
6046
6056
6074
6075
6076
6080
6089
6095
6098
6098
6100
6119
6120
6121
6128
6132
6144
6156
6167
6182
6188
6196
6199
6204
6206
6207
6212
6224
6232
6241
6249
6254
6258
6258
6267
6276
6283
6287
6297
6298
6303
6314
6321
6325
6327
6374
6397
6416
6417
6423
6434
6444
6454
6460
6462
6467
6477
6479
6487
6487
6509
6524
6543
6545
6553
6557
6569
6575
6575
6578
6594
6607
6610
6617
6619
6622
6645
6657
6689
6690
6691
6695
6710
6711
6711
6784
6797
6803
6813
6827
6834
6839
6847
6853
6867
6874
6909
6912
6915
6928
6932
6953
6954
6956
6966
6975
6989
6992
6998
7013
7015
7020
7023
7032
7039
7041
7044
7064
7074
7083
7106
7110
7114
7124
7141
7141
7146
7150
7163
7176
7188
7193
7210
7218
7243
7251
7266
7266
7270
7274
7274
7282
7285
7293
7302
7307
7321
7323
7326
7329
7344
7346
7347
7361
7364
7369
7384
7396
7402
7413
7436
7439
7451
7454
7456
7472
7479
7483
7491
7494
7494
7505
7517
7529
7530
7531
7541
7549
7550
7557
7571
7583
7584
7592
7601
7605
7605
7608
7615
7623
7626
7626
7669
7680
7686
7688
7689
7697
7698
7699
7715
7727
7736
7742
7751
7773
7777
7780
7781
7782
7784
7787
7792
7795
7796
7809
7825
7826
7827
7842
7848
7853
7860
7862
7863
7871
7871
7872
7877
7885
7887
7891
7895
7896
7908
7914
7917
7939
7946
7946
7964
7980
7993
8004
8008
8010
8024
8025
8027
8034
8039
8039
8041
8043
8044
8045
8045
8066
8067
8069
8072
8084
8093
8094
8096
8099
8101
8125
8131
8149
8150
8163
8175
8184
8193
8195
8222
8229
8253
8253
8253
8266
8267
8269
8280
8284
8298
8301
8304
8314
8324
8326
8335
8343
8344
8352
8355
8356
8373
8375
8384
8405
8409
8418
8421
8423
8432
8434
8435
8447
8452
8454
8467
8467
8468
8473
8485
8500
8522
8524
8529
8532
8535
8538
8544
8548
8548
8565
8572
8586
8590
8591
8592
8607
8611
8621
8646
8651
8666
8673
8674
8680
8703
8753
8755
8757
8767
8768
8777
8785
8791
8793
8801
8804
8816
8821
8824
8828
8835
8848
8850
8867
8870
8872
8890
8905
8913
8928
8930
8941
8954
8959
8960
8971
8974
8975
8976
8976
8979
8988
8996
8999
9021
9034
9073
9085
9090
9116
9136
9140
9153
9162
9165
9166
9173
9181
9182
9184
9190
9194
9201
9221
9228
9229
9231
9237
9240
9264
9265
9271
9275
9277
9279
9290
9293
9301
9304
9306
9308
9323
9324
9344
9348
9354
9368
9374
9385
9396
9413
9414
9419
9435
9439
9440
9443
9444
9453
9459
9470
9470
9500
9518
9525
9531
9531
9548
9557
9559
9593
9595
9603
9605
9608
9611
9622
9623
9628
9631
9637
9641
9655
9657
9666
9667
9673
9675
9685
9687
9692
9696
9696
9702
9717
9721
9730
9743
9748
9770
9772
9807
9816
9819
9821
9830
9843
9846
9853
9853
9853
9857
9858
9859
9865
9868
9890
9893
9893
9898
9900
9902
9918
9922
9923
9924
9927
9929
9934
9944
9949
9956
9960
9964
9969
9975
9994
