9994
9975
9969
9964
9960
9956
9949
9944
9934
9929
9927
9924
9923
9922
9918
9902
9900
9898
9893
9893
9890
9868
9865
9859
9858
9857
9853
9853
9853
9846
9843
9830
9821
9819
9816
9807
9772
9770
9748
9743
9730
9721
9717
9702
9696
9696
9692
9687
9685
9675
9673
9667
9666
9657
9655
9641
9637
9631
9628
9623
9622
9611
9608
9605
9603
9595
9593
9559
9557
9548
9531
9531
9525
9518
9500
9470
9470
9459
9453
9444
9443
9440
9439
9435
9419
9414
9413
9396
9385
9374
9368
9354
9348
9344
9324
9323
9308
9306
9304
9301
9293
9290
9279
9277
9275
9271
9265
9264
9240
9237
9231
9229
9228
9221
9201
9194
9190
9184
9182
9181
9173
9166
9165
9162
9153
9140
9136
9116
9090
9085
9073
9034
9021
8999
8996
8988
8979
8976
8976
8975
8974
8971
8960
8959
8954
8941
8930
8928
8913
8905
8890
8872
8870
8867
8850
8848
8835
8828
8824
8821
8816
8804
8801
8793
8791
8785
8777
8768
8767
8757
8755
8753
8703
8680
8674
8673
8666
8651
8646
8621
8611
8607
8592
8591
8590
8586
8572
8565
8548
8548
8544
8538
8535
8532
8529
8524
8522
8500
8485
8473
8468
8467
8467
8454
8452
8447
8435
8434
8432
8423
8421
8418
8409
8405
8384
8375
8373
8356
8355
8352
8344
8343
8335
8326
8324
8314
8304
8301
8298
8284
8280
8269
8267
8266
8253
8253
8253
8229
8222
8195
8193
8184
8175
8163
8150
8149
8131
8125
8101
8099
8096
8094
8093
8084
8072
8069
8067
8066
8045
8045
8044
8043
8041
8039
8039
8034
8027
8025
8024
8010
8008
8004
7993
7980
7964
7946
7946
7939
7917
7914
7908
7896
7895
7891
7887
7885
7877
7872
7871
7871
7863
7862
7860
7853
7848
7842
7827
7826
7825
7809
7796
7795
7792
7787
7784
7782
7781
7780
7777
7773
7751
7742
7736
7727
7715
7699
7698
7697
7689
7688
7686
7680
7669
7626
7626
7623
7615
7608
7605
7605
7601
7592
7584
7583
7571
7557
7550
7549
7541
7531
7530
7529
7517
7505
7494
7494
7491
7483
7479
7472
7456
7454
7451
7439
7436
7413
7402
7396
7384
7369
7364
7361
7347
7346
7344
7329
7326
7323
7321
7307
7302
7293
7285
7282
7274
7274
7270
7266
7266
7251
7243
7218
7210
7193
7188
7176
7163
7150
7146
7141
7141
7124
7114
7110
7106
7083
7074
7064
7044
7041
7039
7032
7023
7020
7015
7013
6998
6992
6989
6975
6966
6956
6954
6953
6932
6928
6915
6912
6909
6874
6867
6853
6847
6839
6834
6827
6813
6803
6797
6784
6711
6711
6710
6695
6691
6690
6689
6657
6645
6622
6619
6617
6610
6607
6594
6578
6575
6575
6569
6557
6553
6545
6543
6524
6509
6487
6487
6479
6477
6467
6462
6460
6454
6444
6434
6423
6417
6416
6397
6374
6327
6325
6321
6314
6303
6298
6297
6287
6283
6276
6267
6258
6258
6254
6249
6241
6232
6224
6212
6207
6206
6204
6199
6196
6188
6182
6167
6156
6144
6132
6128
6121
6120
6119
6100
6098
6098
6095
6089
6080
6076
6075
6074
6056
6046
6042
6040
6040
6004
6000
5994
5991
5987
5971
5935
5922
5918
5899
5892
5890
5888
5885
5870
5862
5861
5855
5854
5852
5846
5829
5828
5826
5812
5807
5805
5794
5787
5786
5759
5755
5754
5744
5734
5722
5721
5694
5670
5668
5667
5659
5640
5637
5628
5619
5610
5607
5580
5539
5538
5532
5530
5528
5527
5519
5516
5503
5499
5498
5486
5476
5464
5463
5454
5454
5445
5441
5440
5438
5435
5429
5428
5427
5409
5408
5401
5385
5372
5357
5342
5339
5327
5312
5306
5305
5288
5287
5266
5266
5255
5255
5242
5238
5237
5230
5229
5227
5223
5222
5221
5221
5215
5203
5191
5183
5180
5175
5169
5165
5162
5154
5145
5142
5139
5130
5112
5111
5102
5102
5086
5065
5049
5046
5044
5042
5040
5040
5039
5038
5036
5017
5015
5013
5010
5007
5005
4999
4985
4976
4973
4969
4966
4965
4952
4944
4943
4939
4936
4928
4919
4903
4902
4886
4883
4874
4871
4858
4849
4841
4835
4829
4825
4800
4784
4778
4767
4762
4757
4749
4737
4735
4722
4718
4709
4700
4699
4690
4682
4679
4671
4664
4641
4639
4631
4629
4625
4615
4601
4598
4596
4594
4594
4583
4581
4577
4576
4571
4561
4560
4559
4552
4551
4548
4546
4546
4534
4527
4523
4523
4521
4516
4513
4512
4508
4506
4504
4503
4498
4498
4495
4484
4482
4481
4478
4474
4466
4466
4452
4450
4448
4443
4442
4438
4420
4419
4419
4417
4410
4406
4404
4395
4392
4374
4364
4362
4353
4351
4350
4347
4343
4329
4315
4304
4296
4291
4275
4255
4247
4241
4236
4229
4220
4220
4220
4218
4215
4212
4209
4205
4203
4192
4192
4189
4175
4175
4160
4152
4149
4146
4144
4114
4111
4107
4097
4081
4077
4064
4063
4063
4061
4054
4046
4042
4028
4020
4014
4008
3994
3992
3982
3971
3970
3967
3948
3948
3942
3939
3937
3937
3930
3924
3920
3917
3909
3898
3893
3890
3886
3879
3876
3861
3858
3858
3844
3844
3840
3836
3834
3822
3818
3818
3818
3813
3812
3810
3807
3801
3793
3780
3779
3765
3761
3759
3753
3738
3736
3731
3730
3730
3724
3719
3713
3712
3709
3700
3697
3692
3672
3672
3671
3652
3649
3648
3646
3644
3622
3610
3609
3607
3589
3574
3564
3551
3550
3534
3510
3499
3486
3468
3467
3464
3463
3461
3452
3448
3438
3434
3433
3429
3419
3418
3399
3394
3394
3392
3372
3354
3349
3343
3339
3338
3332
3330
3324
3323
3323
3321
3318
3314
3304
3299
3294
3282
3279
3275
3267
3249
3206
3201
3186
3157
3154
3147
3136
3133
3121
3117
3116
3095
3091
3089
3071
3069
3057
3030
3028
3026
3024
3021
3016
2995
2993
2991
2989
2984
2960
2954
2951
2950
2929
2924
2920
2918
2915
2908
2905
2902
2896
2892
2876
2864
2855
2841
2829
2816
2810
2809
2808
2807
2789
2771
2771
2770
2765
2763
2756
2751
2739
2735
2733
2702
2701
2689
2655
2651
2640
2638
2629
2627
2626
2619
2617
2613
2600
2597
2596
2592
2588
2583
2579
2566
2561
2557
2555
2540
2538
2537
2523
2518
2513
2504
2494
2488
2476
2471
2471
2461
2456
2455
2441
2440
2426
2421
2418
2413
2412
2411
2406
2405
2402
2392
2368
2368
2361
2360
2356
2354
2354
2352
2349
2335
2326
2324
2320
2316
2315
2303
2299
2285
2265
2264
2259
2259
2257
2257
2253
2235
2230
2222
2222
2207
2204
2203
2190
2190
2187
2166
2163
2161
2161
2160
2159
2155
2147
2139
2135
2134
2130
2129
2124
2122
2120
2119
2115
2101
2099
2077
2053
2051
2048
2042
2040
2038
2038
2038
2037
2032
2027
2023
2022
2022
2017
2017
2015
2014
2000
1997
1997
1997
1995
1995
1994
1993
1989
1986
1983
1975
1959
1959
1957
1955
1953
1924
1921
1918
1917
1917
1916
1912
1911
1902
1893
1891
1890
1888
1867
1866
1853
1852
1849
1845
1838
1830
1819
1810
1803
1798
1797
1786
1777
1764
1759
1736
1732
1721
1721
1719
1711
1701
1695
1694
1693
1681
1679
1673
1663
1661
1660
1656
1650
1641
1628
1628
1613
1607
1605
1601
1599
1594
1593
1589
1583
1583
1582
1573
1569
1559
1559
1545
1532
1530
1525
1514
1503
1502
1501
1495
1495
1494
1479
1473
1462
1461
1440
1438
1432
1430
1425
1425
1424
1422
1422
1418
1415
1404
1402
1396
1387
1380
1372
1371
1364
1354
1353
1345
1343
1339
1333
1329
1319
1319
1318
1311
1311
1310
1308
1297
1296
1288
1283
1282
1272
1270
1266
1264
1258
1248
1243
1226
1207
1207
1204
1202
1201
1199
1198
1197
1195
1186
1185
1184
1176
1176
1173
1173
1172
1157
1155
1153
1150
1149
1147
1146
1146
1146
1139
1135
1128
1124
1115
1104
1104
1087
1083
1082
1080
1071
1047
1041
1035
1030
1021
1020
1017
1009
1001
999
995
990
978
977
977
975
974
970
965
958
953
953
952
952
947
940
940
931
930
926
915
912
908
902
898
895
893
882
878
877
871
866
862
860
859
852
851
838
836
836
815
815
807
807
805
804
795
780
779
777
770
756
756
748
740
726
726
715
709
704
699
691
689
689
678
677
663
663
655
649
647
642
640
639
636
636
634
632
631
619
612
611
594
591
590
583
580
579
575
574
570
567
558
547
544
537
537
536
498
489
487
486
484
478
475
474
473
468
465
454
441
439
439
437
436
420
417
416
411
402
393
384
374
374
373
369
362
357
351
336
334
329
326
325
316
310
306
288
279
275
272
263
245
238
237
221
216
207
204
194
180
173
170
169
162
161
158
144
135
128
127
109
106
102
98
94
94
84
80
71
63
60
52
51
44
42
42
33
31
27
21
19
8
7
