9595
2119
3779
3649
6100
7605
1176
5230
221
8572
6199
2626
3793
8529
6167
3349
5463
5885
3464
9323
326
1017
9301
4149
1197
1916
7
6004
2259
9201
8010
51
8314
1660
8467
9702
6553
7550
9858
173
4042
4343
1204
9229
3840
636
2989
1297
8222
7369
4596
3069
468
4664
4735
5892
4523
8835
7041
9034
7188
8646
1329
204
2139
2441
4220
1422
3858
908
8094
2613
6267
5428
6989
567
6325
9525
8423
6080
9692
4448
3133
6487
7626
8096
2159
7456
3154
1695
7914
4482
1983
2222
8928
9819
4504
3429
2951
1891
1430
2855
8548
2751
649
1530
4329
8039
7384
1589
2557
3930
9368
5755
1371
3648
544
6040
6206
3761
1594
6249
1867
8356
3419
7792
2015
5162
9271
2920
4571
636
3343
3206
1661
1921
1372
8913
3697
8421
9969
7860
487
8375
1020
3713
8535
7842
7549
632
5890
7023
4778
3736
2299
2040
8930
9557
5111
5327
4576
4699
384
7472
7715
4722
1184
8757
7964
2099
6956
8777
4919
8473
1694
6847
7150
3467
8008
8804
4858
9721
5238
594
7451
1957
611
4438
5530
1893
1583
7780
7293
3574
5855
4825
3323
3731
9717
3026
4849
3861
8434
7083
8195
9277
2361
8538
8999
2257
102
5486
3807
1955
4351
2354
7557
1432
8522
902
2588
1047
9807
4512
3028
912
1679
2638
4063
5040
2101
4559
6258
770
6619
3299
878
5223
3057
6545
6543
42
362
6056
852
1693
3879
1319
80
9240
1288
6000
128
6212
8703
1418
1663
8034
9944
71
6182
2561
2023
486
2392
416
9696
3834
6397
1440
2124
1258
6797
574
5722
5130
4800
704
5013
3801
436
6254
21
7980
3294
2915
6040
6156
6276
8355
9666
9964
3818
7615
947
1838
9419
1415
8
9846
6075
2160
8452
1438
4443
5862
4513
9308
6813
9859
2257
4481
1080
1601
8298
9843
4046
5165
7361
7517
4220
780
2326
7141
689
3394
6417
4175
547
640
6827
7872
815
7326
4241
374
3967
4474
5828
8870
1473
207
6196
8101
437
9898
6622
8267
4999
537
4291
9893
1582
5237
795
106
1172
8801
9290
1425
4952
8755
1890
7505
4944
5987
537
2488
5826
465
1853
8848
7413
7436
2421
5007
8435
2320
9657
1918
3890
6784
3461
2204
420
5445
4874
4883
1995
1845
5429
3116
7777
4679
8324
6479
6839
4598
7862
5038
6444
4452
2771
2418
6689
4641
5372
8373
970
3836
1764
8674
807
4601
351
7274
2596
612
9593
8409
9470
2405
2315
3304
1207
3893
8954
4516
5532
4255
8352
5342
2053
2538
158
5812
940
9559
4498
4209
978
2134
6998
7329
958
8253
3753
2455
4871
9275
8611
6834
3332
6074
9667
9949
3394
7364
6298
3318
5175
6232
1917
9090
3780
1852
5287
7871
9696
1797
862
1353
4594
4229
807
1425
7439
484
4700
699
3813
9922
8045
5527
135
316
8821
5539
1226
9853
1502
5503
5039
3671
4551
9265
8099
3314
3589
489
4835
9444
536
4247
6691
9857
1104
3724
161
7605
8607
6095
7494
3136
5409
9073
9853
4466
6121
931
3095
1607
6477
5670
3982
7124
2789
4450
1912
8867
2960
940
590
1387
2905
162
9182
8084
9960
3433
5229
1641
5899
1721
4417
2222
678
1270
9279
804
3992
2579
6128
2203
6224
402
1514
4552
3712
1599
860
1479
2689
4014
1849
9459
663
6434
7176
691
3607
8976
27
6487
310
98
2896
7044
756
2368
325
715
5401
4236
8959
3937
974
2733
9500
5787
4943
7727
7623
9608
1759
953
5852
5667
9821
8767
60
8793
3510
2456
8131
3448
8890
2739
1673
5721
3939
1830
8326
5759
9396
5255
3418
8432
7887
9374
2155
836
2954
7146
5312
1035
8850
9443
2190
1124
4160
2929
417
8988
2523
3499
2701
8467
9231
7826
3765
4629
6524
8335
9900
2135
7266
3354
1146
33
8284
9021
4353
4347
1994
8072
4081
1803
6803
3622
8344
4350
6314
288
5102
6132
3201
2640
2017
2129
2235
2537
6460
3937
663
7013
7853
3452
4682
3551
4215
2411
411
2354
7781
5610
6853
3249
2816
3438
2617
5145
4146
1272
6690
5044
2476
4410
2253
9631
6710
2426
2120
3486
4709
373
3738
2207
1810
726
2324
3692
1736
1959
7751
965
2014
1318
8405
6557
6374
4028
8524
3812
4548
5227
6241
1461
6867
726
6089
8976
8069
4757
3646
6283
6042
7848
4527
245
2051
1308
6953
2763
8791
1628
9637
1198
7285
2810
8066
9173
1115
9918
8149
4175
9622
1422
1997
4939
4107
1311
8044
3324
6966
9162
2115
439
1185
5139
1501
1135
1207
1030
336
4275
9194
2627
7871
5846
642
8828
7795
639
4902
1243
2042
4466
4560
5242
4304
8175
1532
2349
1150
2841
2161
3091
1681
9994
9603
6509
2829
1333
7032
4829
3089
2876
8266
4419
3948
6915
7020
2756
2864
7796
1569
9165
454
7669
9673
3942
1282
6695
6909
2122
7064
4144
1997
5861
1503
2892
2264
1711
838
7583
9628
5049
9140
7742
63
8565
756
94
3709
2619
4625
8621
1986
329
558
7680
7626
2187
1593
1628
583
4395
5441
7530
5476
4203
4054
1605
8872
2592
4784
9237
4220
8673
194
1953
144
1041
6416
8592
8651
9385
9439
8384
4690
7946
9228
3147
8971
2048
5519
2471
6098
1195
4561
8045
3948
7787
7885
4205
634
953
851
5935
3920
94
1266
3117
2807
5454
4903
3759
6607
357
2513
5191
8025
709
1959
9166
3844
238
5580
478
5734
1104
5169
4419
3886
9853
9324
4364
263
5154
7688
8229
4192
8343
7917
7210
1082
2597
8193
1701
2993
3016
4063
8280
6303
9413
6711
7282
5805
877
374
8043
3275
3730
4936
4594
4114
9354
779
8586
3672
7346
2566
1424
5619
2629
1786
272
3970
5357
9655
7736
2809
5017
5922
4189
5339
9264
3909
1021
2461
9956
4583
3157
4008
1402
5694
8500
1343
7114
5203
6207
3810
2402
5221
7270
1139
1264
7825
6711
279
6575
2352
866
4478
3121
2161
2285
9687
334
2600
7592
2077
3644
7895
3876
6423
8544
6204
9743
4639
1364
3323
2163
4064
4521
5086
1201
7110
2735
5994
999
2017
8418
740
4841
474
1495
8468
4767
9865
952
4296
6188
805
5516
6076
1087
6046
9531
7689
3917
8184
4976
7483
5918
393
3392
2984
3399
1173
170
5102
441
9927
1311
44
1559
1155
4484
2771
4973
3434
2166
1902
5215
1613
8253
5440
5744
4374
836
2765
5829
1283
5464
5036
3609
3652
2494
9435
498
4392
6874
1732
7939
6258
9470
5807
5971
306
8304
4615
3534
1153
1583
6321
9531
893
7479
1146
2702
4406
1650
977
1199
1128
3282
6645
8666
7274
3564
1888
2808
2950
5255
8548
6462
1995
9830
1573
5637
2991
6578
1319
1146
5288
3372
1545
439
9085
689
7827
1345
5112
2190
9868
3267
4495
5222
6287
1819
7891
2130
4718
8163
5385
7896
5991
7347
9623
5888
5046
1173
7697
7571
748
9641
9605
4420
2335
3994
52
19
4498
6657
9730
2000
7302
1721
3279
8253
1248
7698
871
1975
1997
5306
2583
2022
580
1993
369
7699
859
1339
5266
6954
4077
915
6610
5408
9306
9934
7243
7782
5183
6454
237
575
1911
9929
7266
9518
6594
1001
5854
7908
9190
4965
3321
2265
2147
4631
4192
2504
3339
4111
1656
5040
5794
6928
7541
8039
5538
4442
4762
930
7218
4152
4577
3971
952
475
8590
5266
3468
3719
8447
1296
6992
4315
1495
2360
8301
7863
2555
2406
975
4985
5180
2316
6467
777
5142
5042
6575
8454
6297
3822
4020
8768
4966
2037
6912
3463
4508
9153
6327
8979
2995
8996
7491
2518
6120
4523
7193
8816
5659
2230
9181
7601
2038
5607
8905
84
895
169
3818
3818
655
9923
9548
3844
2356
109
3672
7141
7396
5010
7402
9975
882
6119
2471
2413
3030
7307
8591
5754
2440
591
3071
7584
3550
216
7531
3610
5015
5427
3898
9902
4534
5640
2770
4061
898
4546
2038
8974
4749
1310
5005
5498
3924
7106
7877
8824
7015
9440
4503
9772
3338
4362
1917
2540
619
7784
1777
180
9221
6617
7608
4218
4212
2022
7039
6932
7321
8269
9748
1176
9184
5628
7993
4404
977
9116
9348
3024
1380
8753
5786
2032
7529
6975
7454
990
2038
127
9924
8680
1202
3330
5435
1798
3858
1989
7946
31
8785
9685
9770
2412
2902
8485
8532
1149
4097
5870
9453
5499
1157
1559
1071
9293
2924
4581
42
8975
1719
3700
8027
9136
2918
647
2027
1354
5528
1404
7163
9304
1186
995
926
2259
1525
7809
6569
3021
9611
9344
7686
3186
9890
4969
2303
1147
8941
9893
8041
677
1462
2368
5454
6098
5065
4671
8960
815
8093
8004
9675
5221
1924
2655
4506
579
7494
631
8125
2908
9816
5305
473
7773
4546
7344
4737
7251
3730
9414
5668
570
2651
1866
4886
8024
7074
8067
275
7323
1083
1396
1009
4928
5438
6144
1494
8150
